[14, 6, 17, 12, 68]
expect : 14
got : 27.0
[47, 25, 25, 39, 34, 31]
expect : 32.5
got : 29.5
[2, 76, 37, 49, 58, 20]
expect : 39.0
got : 43.0
[17, 52, 67, 6, 2, 97, 3, 37, 27, 20, 80, 71, 67, 49, 38, 69, 1, 36]
expect : 36.5
got : 38.0
[30, 100, 54, 14, 27, 55]
expect : 41.0
got : 40.5
[35, 2, 78, 18, 19, 64, 38, 3, 24, 39, 91, 98, 87, 25]
expect : 35.0
got : 48.75
[39, 31, 78, 68, 23, 97, 43, 50, 41, 91, 31, 16, 64, 49, 17, 36]
expect : 39.0
got : 41.5
[87, 38, 60, 70, 29, 5, 97, 45, 49, 56, 16, 70]
expect : 49.0
got : 52.5
[89, 30, 93, 71, 58, 98, 22, 96, 77, 12, 93, 23, 91, 77, 66, 64, 56]
expect : 71.0
got : 68.5
[51, 85, 22, 84, 32, 96, 64]
expect : 64.0
got : 65.5
[84, 99, 7, 69, 93, 79, 51, 2, 82, 6, 37, 51, 77, 58, 94, 100]
expect : 67.5
got : 68.0
[22, 70, 99, 37, 39, 91, 39, 91, 22, 19, 68, 75, 68, 14, 10, 76, 97, 3]
expect : 65.0
got : 53.5
[97, 83, 15, 76, 38, 67, 11, 46, 12, 66, 5, 58, 56, 58, 44, 31, 46, 84, 41]
expect : 46.0
got : 61.5
[71, 14, 2, 11, 41, 34, 73, 40, 61, 68, 79, 94, 14, 92]
expect : 41.0
got : 50.0
[85, 67, 57, 34, 24, 35, 71]
expect : 45.5
got : 50.5
[83, 65, 7, 3, 30, 82, 94, 96]
expect : 74.0
got : 65.0
[11, 19, 49, 49, 45, 48, 31, 30, 35, 36, 11, 64, 43, 25, 62]
expect : 35
got : 35.25
[54, 18, 37, 86, 36, 27, 86, 28, 28, 67, 37, 57, 96, 78]
expect : 47.5
got : 54.0
[25, 8, 66, 37, 8, 45, 9, 25, 31, 88, 95]
expect : 25
got : 37.0
[24, 16, 94, 57, 42, 44, 11, 15, 99, 100, 61, 21, 30, 99, 58, 83, 22, 58, 80, 49]
expect : 43.0
got : 42.5
[85, 67, 65, 25, 64, 24, 49, 85, 92, 43, 15, 2, 23]
expect : 64.0
got : 50.0
[9, 54, 33, 82, 10, 28, 99]
expect : 31.5
got : 48.25
[42, 19, 87, 53, 73]
expect : 42
got : 52.5
[60, 40, 4, 64, 27, 9]
expect : 34.0
got : 33.5
[6, 9, 30, 12, 17, 72, 53]
expect : 21.0
got : 13.0
[43, 29, 27, 90, 13, 29, 10, 65, 79, 45, 93, 48, 37, 57, 49, 56, 12, 24, 69, 64]
expect : 47.0
got : 38.5
[37, 84, 55, 74, 19, 32, 91, 2, 36, 91, 94, 56, 29, 52, 70, 24, 87]
expect : 55.0
got : 45.75
[20, 9, 80, 57, 73, 2, 89, 40]
expect : 64.5
got : 57.0
[54, 93, 100, 11, 49, 30, 26, 68, 25, 97, 14, 16]
expect : 47.0
got : 30.0
[17, 7, 52, 67, 86]
expect : 17
got : 46.75
[48, 38, 81, 8, 57, 89, 39, 82, 4, 41, 70, 45, 97, 12, 54, 95]
expect : 48.0
got : 53.875
[80, 43, 32, 52, 4, 1, 98, 1, 66, 24, 40, 26, 89, 21, 49, 93, 52]
expect : 43.0
got : 46.0
[61, 4, 31, 87, 3, 37, 99, 62, 9, 34, 39, 25, 60, 31]
expect : 37.0
got : 38.375
[74, 96, 2, 94, 8, 73, 33, 20, 2, 79, 24, 96, 31, 48, 47, 69, 58, 79]
expect : 48.0
got : 71.0
[99, 94, 49, 95, 34, 82, 68, 73, 94, 11, 37, 38, 21, 84, 57, 9, 28, 81]
expect : 52.5
got : 59.5
[19, 7, 85, 27, 48, 25, 46, 95, 42, 73, 83, 61, 26, 85, 53, 97, 8, 70]
expect : 55.5
got : 48.5
[65, 35, 31, 50, 43, 87, 69, 55, 78, 41, 70, 17, 48, 70, 5, 56, 23, 55, 31, 25]
expect : 50.0
got : 45.75
[36, 30, 8, 93, 29, 60, 62, 88, 68, 14, 41, 68, 51, 78, 80, 47, 80]
expect : 62.0
got : 61.75
[24, 18, 2, 26, 55, 57, 85, 40, 42, 93, 52, 77, 24, 79, 70, 58, 19]
expect : 57.0
got : 56.0
[69, 20, 89, 2, 24, 32, 43, 36, 42, 33, 66, 7, 76, 29, 9, 84, 70]
expect : 36.0
got : 37.5
[98, 69, 86, 80, 34, 38, 24, 56, 20, 83, 15, 82, 11, 100, 48, 83, 5]
expect : 48.5
got : 43.0
[77, 59, 31, 99, 92, 72, 9, 72, 23, 73, 94, 62, 15]
expect : 65.0
got : 59.0
[45, 19, 37, 48, 21]
expect : 37
got : 35.75
[71, 8, 70, 67, 77, 85, 74, 98, 41, 14, 84, 26, 83, 58, 26]
expect : 70
got : 58.0
[27, 14, 38, 77, 9, 70, 54, 100, 1, 46, 22, 9, 20, 74, 5, 54, 73, 26, 54]
expect : 39.5
got : 38.0
[90, 51, 72, 60, 79, 77, 72, 89, 47, 71, 73, 94]
expect : 71.0
got : 72.5
[17, 93, 69, 83, 38, 3, 73, 94, 10, 5, 10, 50]
expect : 38.0
got : 41.5
[70, 84, 14, 41, 37, 59, 11, 37, 76, 94, 7, 64]
expect : 70.0
got : 50.5
[66, 19, 95, 50, 53, 15, 79, 33, 20, 96, 80, 2, 97, 58, 63, 89, 83, 60, 73]
expect : 56.0
got : 65.0
[89, 88, 66, 56, 87, 1, 29]
expect : 61.0
got : 72.0
[69, 71, 18, 5, 84, 51]
expect : 67.5
got : 60.0
[29, 51, 1, 47, 89, 67, 55, 12, 8, 80, 71, 25]
expect : 48.0
got : 41.5
[34, 7, 68, 9, 10]
expect : 10
got : 21.75
[38, 48, 75, 77, 46, 88, 1, 34, 1, 86, 43, 25, 91, 81, 31, 99, 64, 24]
expect : 65.0
got : 56.0
[45, 62, 83, 69, 7, 56, 41, 38, 8, 42, 66, 62, 99, 53, 49, 72, 64, 43, 11, 31]
expect : 53.5
got : 54.5
[5, 76, 60, 16, 90, 7, 93, 95, 87, 75, 14, 21, 6, 85, 20, 78, 18, 51, 87, 13]
expect : 49.0
got : 40.5
[25, 66, 99, 29, 30, 36, 86, 33, 33, 14, 22]
expect : 33
got : 30.0
[6, 73, 8, 37, 11, 88, 9, 7, 7, 82, 67, 23, 48, 42, 7, 59, 18]
expect : 11.0
got : 25.0
[13, 14, 22, 53, 49]
expect : 14
got : 32.5
[7, 83, 46, 4, 37, 33, 33, 49, 95, 68, 4, 54, 87, 52, 79, 69]
expect : 37.0
got : 55.0
[66, 34, 84, 8, 100, 42, 76, 64, 98, 31, 51, 8, 67, 19]
expect : 46.0
got : 51.5
[55, 20, 18, 2, 23, 10, 41, 87, 35, 54, 63, 48, 69, 9]
expect : 23.0
got : 33.25
[73, 91, 60, 56, 41, 40, 76, 33, 69, 37, 14]
expect : 41
got : 47.25
[97, 32, 1, 35, 29, 79, 98, 85, 5, 91, 60, 1, 73, 21, 95, 69]
expect : 47.0
got : 50.75
[7, 70, 20, 2, 94]
expect : 20
got : 34.0
[44, 50, 73, 25, 91, 86, 37]
expect : 49.0
got : 55.75
[94, 1, 79, 74, 39]
expect : 74
got : 67.75
[25, 20, 53, 72, 50, 64, 91, 14, 71, 41, 88, 93, 54, 28, 58, 89]
expect : 64.0
got : 67.5
[53, 89, 16, 42, 81, 14, 76, 32, 97, 87, 61, 71, 46, 73, 42, 17, 3]
expect : 59.5
got : 49.5
[19, 19, 51, 79, 69, 66, 55, 4, 86, 99, 80]
expect : 55
got : 69.0
[92, 68, 92, 14, 39]
expect : 68
got : 59.25
[98, 60, 1, 47, 73, 32, 10, 62, 68, 69, 95, 53, 12, 59, 88, 84, 64]
expect : 60.0
got : 64.5
[12, 82, 24, 13, 97, 66, 39, 31, 56, 37, 46, 38]
expect : 42.0
got : 38.5
[29, 41, 67, 99, 56, 76, 2, 27, 20, 91, 80, 18, 62, 50, 36, 72, 61, 4, 51, 82]
expect : 56.0
got : 52.375
[85, 39, 3, 87, 15, 44, 24]
expect : 45.0
got : 36.5
[98, 24, 68, 45, 81, 2, 18, 77, 57, 44, 39, 74, 81]
expect : 56.5
got : 50.5
[91, 42, 84, 33, 4, 81, 44, 72, 8, 51, 48, 11, 56, 49]
expect : 58.0
got : 47.125
[79, 3, 21, 35, 5, 17, 54, 69, 68, 90, 64, 28, 10, 11]
expect : 28.0
got : 29.125
[90, 64, 41, 79, 34, 88, 59, 73, 44, 38, 46, 58, 87, 37]
expect : 64.0
got : 59.0
[44, 19, 90, 72, 94, 70, 60, 22, 90, 46, 48, 50]
expect : 49.0
got : 54.0
[99, 93, 32, 73, 82, 97]
expect : 89.5
got : 87.5
[82, 2, 61, 33, 7, 83, 66, 93, 8, 90, 26, 80, 91, 66, 30, 31, 38, 38]
expect : 45.0
got : 63.5
[87, 59, 34, 91, 30]
expect : 59
got : 59.75
[5, 8, 91, 78, 93, 86, 65, 57, 16, 2, 70, 20, 11, 38, 93, 55, 92, 4, 36]
expect : 45.0
got : 47.5
[64, 43, 55, 23, 83, 6, 32, 88, 22, 80, 93, 53, 11, 43, 91]
expect : 53
got : 46.75
[44, 6, 84, 66, 92, 64, 33, 26, 43, 93, 26, 84, 29, 95, 49, 27, 43, 65]
expect : 55.0
got : 46.5
[43, 28, 46, 40, 45, 59, 28, 21, 41, 9, 56, 2, 79, 29, 94]
expect : 43
got : 43.5
[40, 54, 3, 68, 41, 88, 21]
expect : 41.0
got : 47.25
[60, 34, 8, 67, 36, 88, 95, 34, 66, 65, 98, 18, 31, 99, 67, 9, 45, 6]
expect : 47.0
got : 65.5
[65, 59, 92, 71, 87, 33, 74, 83, 61, 2, 19, 88, 44, 62, 21, 60, 86]
expect : 61.0
got : 57.5
[60, 66, 22, 34, 32, 3, 28, 90]
expect : 32.0
got : 59.0
[28, 46, 50, 30, 51, 27, 39, 95, 13, 47, 65, 24, 47, 56, 64, 6, 74, 89, 30]
expect : 44.5
got : 47.5
[36, 13, 44, 38, 18, 57, 67, 74, 79, 74, 88, 92, 68, 71, 59, 62, 40, 74]
expect : 60.5
got : 53.0
[90, 31, 42, 64, 54, 54, 12, 27, 28, 22, 37, 67]
expect : 53.0
got : 42.0
[15, 11, 49, 89, 43, 100, 98, 42, 25, 37, 98, 100, 30, 33, 88, 99, 55]
expect : 88.0
got : 59.5
[66, 37, 40, 21, 32, 22, 74, 46, 29, 97, 72, 19, 47, 39, 62, 42, 18, 26, 50, 29]
expect : 43.0
got : 43.5
[11, 5, 23, 75, 63, 1, 32, 54, 6, 94, 41, 28, 99]
expect : 41.0
got : 47.75
[36, 54, 50, 9, 3, 36, 62, 57, 46, 93, 87, 37, 44]
expect : 36.0
got : 50.0
[6, 53, 27, 83, 74, 35, 34, 54, 70, 2, 83, 14, 16, 17, 35, 68, 94, 67]
expect : 51.5
got : 35.5
[31, 74, 68, 92, 7, 65, 31]
expect : 52.5
got : 58.0
[12, 42, 96, 34, 22, 55, 68, 39, 80, 26, 85, 86, 31, 63, 77, 75, 70, 68]
expect : 53.5
got : 56.0
